100
7977 626769 9
8229 384684 2
1363 123520 8
3376 156586 6
886 56750 8
9352 507517 9
3263 62970 1
258 978067 6
7998 968182 1
2871 611476 1
9325 343906 8
2519 171840 3
701 837097 8
9412 458712 2
3725 832955 1
8892 186601 5
5811 811662 1
2228 961000 6
6153 882984 8
5303 577653 4
5579 763362 2
9385 146808 1
573 319349 5
4131 988357 1
1396 974496 5
100000 1000000000000000000 3
8989 909410 5
5541 34105 7
3286 977701 4
9974 603759 9
34432 9999920 222
1813 539974 3
5992 237133 9
5272 393026 2
2433 588437 7
9628 221919 9
1000000000 1000000000000000000 1
1616 875376 6
1056 45030 4
7668 468727 8
1405 52064 3
5759 165757 6
2965 769993 4
0 1000000000000000000 1
1712 931656 3
10 22322 2
21345 4441283 13
7597 115191 5
39 1000000 3
3127 909969 3
7800 282033 2
1209 371972 7
121 132 1
352 116029 3
2789 205886 5
873 84000 1
5230 55195 9
5630 555906 6
8129 512819 4
2739 884729 5
938 717057 3
22322 22322 1
0 100 2
8984 321196 7
9929 160753 4
8764 690922 4
2851 217912 4
981 265444 4
1002 914907 8
9523 81976 5
4401 792858 5
8429 327368 2
0 132 1
6916 519450 6
999 99999 78788
2035 587687 6
2675 641763 3
7243 39232 6
6673 645665 9
3491 376189 1
121 121 11
2590 45700 5
490 499674 1
6311 744038 5
8135 346033 4
3901 458931 4
2791 674701 5
9705 834597 8
8439 865622 9
4766 385349 3
1516 476245 5
4945 279540 7
0 1000000000000000000 1000000000
3748 207521 4
9324 755359 1
646 753992 3
121 131 1
9151 163110 6
3976 759716 7
1551 635917 7
